949331
30261
-130011
553206
412196
-175708
-124902
-478205
-787223
436378
290936
870304
-464997
-75634
414776
-414203
709472
-718446
100037
798122
645314
-784622
780526
-366483
-136764
-777237
-105155
-699596
706130
-84806
-827921
-751496
536044
-349151
397999
411849
-46404
431113
-129184
930721
-884585
808495
124003
347437
468463
583130
825909
-634344
167024
548704
-951979
565757
774007
27075
-202901
-66180
221310
-167380
276932
981210
-684703
606322
-12416
-99747
-814720
867029
164165
-719339
457733
328796
-441938
-772356
-305063
21728
-752790
-201608
603008
579062
-212820
8339
-694134
-170980
781290
679725
478872
-801775
-890456
894711
-78480
-448941
-415801
-570479
128921
-448712
-263864
551819
29603
655144
596064
-475857
